UNIPD ID Grade/30.00
2058479 30.5
2040474 30.0
2053348 29.5
2044721 29.0
2060940 28.5
2063592 28.5
2054778 28.0
2058080 27.5
2053854 27.5
2039109 27.0
2063593 27.0
2053062 27.0
2050726 26.5
2057137 26.5
2053063 26.5
2044720 26.5
2062888 26.0
2046831 25.5
2064377 25.5
2040470 25.0
2057975 25.0
2044719 25.0
2046803 24.5
2027590 24.0
2063890 24.0
2063090 24.0
2057136 23.5
2058332 23.5
2029789 23.5
2046804 23.5
2057447 23.5
2055977 23.0
2056112 23.0
2040483 23.0
2063591 22.5
2057974 22.5
2050725 22.5
2040481 22.0
2060684 22.0
2045743 21.5
2046806 21.5
2040471 21.0
2048654 20.5
2045247 20.5
1242799 19.0
2046805 18.5
2062769 ---
2059871 ---
2052399 ---
2029007 ---
1224996 ---
1161774 ---
2062887 ---
2041391 ---
2015707 ---
2006036 ---
2040473 ---
2060939 ---
2046832 ---
2040479 ---
2040478 ---
2040475 ---
2045518 ---
2050954 ---
2013071 ---
2005955 ---
2050955 ---
2046808 ---